 133 8
 -0.657712346107 -0.832876084197 -0.558897049311 -0.677859720168 0.781511184369 -0.528445023501 0.127103215269 0.247589404874 105.677457583
 -0.245289237434 -0.611430875409 0.728535911371 0.768156354329 -0.837213158703 0.44558168971 0.800742827953 0.608676905063 89.1306680213
 0.591248061292 0.525455380185 -0.0747511316282 0.629170489406 -0.925706030817 -0.911344609726 0.972726348568 0.908185809722 102.750860931
 0.501969430509 -0.680741939904 -0.362604786594 -0.65892253356 0.816431711075 -0.203056026371 0.389957860111 0.500005774769 111.313280689
 -0.468370181914 -0.181723577267 0.856378367189 0.17830272967 -0.23135523809 -0.697657828089 0.108803594155 -0.908414365428 41.7382216915
 -0.566931059158 -0.876369980579 -0.4284423282 0.498912665892 0.946869656174 0.344258128521 0.783483939894 -0.981394878144 59.2877241716
 0.765736798444 -0.540423167978 0.130278842727 0.270616377155 -0.990041382595 0.251038634901 0.470559096212 0.605056482029 81.7006221356
 -0.23801361595 -0.760893533916 -0.272284515087 -0.433870796356 0.375042714617 -0.850597903779 -0.280778060236 0.271973972663 78.1739859533
 0.677744594396 -0.230036153726 -0.290059609495 -0.839675443396 0.200613186251 0.174344155621 -0.837695567097 0.683344496883 74.7310679569
 0.168006301735 -0.664750546433 -0.110589085559 0.11957444617 0.431812132787 0.801194426317 0.956413378438 0.749149299518 125.42074894
 -0.739546065914 -0.814372397751 -0.101736453975 -0.418351939799 -0.612509163761 0.792877621768 -0.248668951331 0.159999884218 70.0413389317
 -0.258753060743 0.948084410872 0.234864066422 0.862656795968 0.615259069219 -0.662982700617 -0.489970560864 -0.902283668844 41.3368025676
 0.527076928869 -0.772851788211 -0.485681504662 0.357808716146 0.203370851998 -0.788478541572 0.412754543607 -0.585350701596 61.5163585273
 0.306378868263 0.817985909421 -0.317321759458 0.919219454983 0.691578391623 -0.0151577624394 0.249662304209 0.744588187991 108.123923648
 0.900138459118 0.278715702643 -0.553674842334 -0.0833607525221 0.637083075806 0.539571915461 0.521815672335 -0.693009605921 63.1527502813
 -0.506368165586 -0.398866553143 -0.0545928580209 -0.176044954519 -0.937155878529 -0.745033114561 0.77831374305 0.308078853558 84.7597408994
 0.332035978052 0.646940346296 -0.219538648881 0.492047593231 -0.314276272004 -0.131442054302 0.774101921755 -0.153819500536 76.3566892005
 0.989441254448 0.562772757282 -0.649690707918 -0.0882733361778 -0.218936288812 -0.151392090334 -0.295080539919 -0.417717252705 51.6832642599
 0.4210021462 0.987036587534 0.474524686185 -0.0284497284773 -0.440994465458 0.447242074791 -0.126029746542 0.146066258318 65.1931216637
 -0.955898085086 -0.713316250944 -0.520499390513 -0.43358028221 0.443235465113 -0.27289506846 -0.429022832261 -0.311416460754 63.9530002318
 -0.128287504814 0.443001802309 -0.183771463916 -0.150467477893 0.0192384285293 0.487394345484 0.691486614172 0.700518993971 111.312979711
 -0.0873960331697 -0.237439742747 0.135840524991 0.160289922403 0.823350378008 -0.118903881919 -0.0267510026624 0.762132828121 99.9087327013
 0.271007239202 0.476200497009 0.668250463567 0.880061026259 0.0819534723412 0.941213396525 -0.724398919879 -0.762181695921 38.4259844995
 0.149494788751 -0.416636571263 -0.206397971587 0.739134566203 0.506483972775 0.0462637703968 0.768229525287 -0.171227693963 86.217599282
 -0.971248494142 -0.511071972443 -0.00846953395561 0.385642282541 -0.725642351339 -0.721220997568 -0.190359806403 0.131913297482 63.3560135974
 0.792608755256 -0.649600957704 -0.998367246985 -0.738299516206 0.928980909383 0.547359988327 0.609978196065 -0.11865460708 99.2437225812
 -0.994256105287 -0.886635697834 -0.984773132605 -0.573109315359 -0.228389036869 -0.707640558743 0.934410485128 -0.469612271077 83.7322742446
 -0.0659670936762 0.784489283132 -0.865203168944 -0.492271093363 0.877203903633 -0.772373709273 -0.149542440093 0.88344944902 115.406834931
 -0.957682598423 0.125777866461 0.407466472905 0.160048963441 0.405707938374 -0.357634922966 0.40414804043 -0.922372894411 53.0896824653
 -0.191958475638 -0.305292866068 0.733246009664 -0.851165498939 -0.941253043497 0.255374690882 0.648204444073 -0.355216966896 60.1007588593
 0.993061653913 0.298879525718 0.464642548314 0.857113302133 -0.086810770204 0.93486802287 -0.031288478668 0.333812703542 73.8872346089
 -0.349537481821 -0.10046400436 0.468798521798 0.878660574172 0.540855625986 0.29865389611 0.278096796804 -0.719552182826 55.3323551268
 0.0180050081499 -0.235725089223 -0.717757715464 -0.960033579412 -0.943878776163 0.438657120817 0.534434518633 -0.448514517558 62.4671737289
 0.392292345399 0.251228384506 0.804293593631 -0.540431823277 0.352322161394 -0.241453317091 0.271678605279 0.271764235956 79.0904969437
 0.844028018311 -0.384025837615 -0.696659210134 -0.750055944958 0.770196445429 -0.760443724317 -0.998005630567 -0.608037379403 45.9071742884
 -0.107660809712 -0.168729106052 -0.67493813097 0.59597566143 0.854601005426 -0.3534955274 -0.515001500516 -0.586618016797 55.3523637201
 -0.774488062104 -0.35043076685 -0.737090960659 -0.340072478982 -0.319591914874 -0.939694388713 -0.136017510671 0.805735283208 91.6466028984
 -0.347827414695 -0.250851728789 -0.841072068755 -0.354384125916 0.289407824068 0.39239289461 0.264002028905 -0.470350373164 70.6284721972
 -0.198422790655 -0.497267030011 -0.581857727954 -0.50430253485 0.408592835318 -0.879114862633 0.0479911867391 0.285189201793 90.9425636335
 -0.113115920735 0.317315302625 -0.771715535239 0.302056959374 0.556543336963 -0.476568220654 0.901575396498 -0.91720824276 64.4999047495
 -0.872471900098 -0.092794992241 -0.348758727453 -0.147293054393 -0.14106432163 -0.621269758717 0.479976214337 -0.331104489065 73.6098831766
 0.968171359365 -0.467975371119 -0.186977876516 0.951064187567 0.471001722543 0.242734906647 -0.558904591518 0.504722024177 75.0148002287
 0.533449890554 0.188783433346 0.980329689458 -0.000635788601569 0.434455128389 -0.551581887492 0.710477263574 0.562516086432 95.3278665684
 -0.787298278544 0.317011829403 0.179705532441 -0.834012358925 0.180192601894 0.438115245398 0.440255034914 0.111075166715 90.5693716528
 0.770286274995 -0.619890385838 0.698887022918 0.906040435572 -0.758030171756 -0.839466864434 0.800241291996 0.958559322339 98.7731196534
 -0.433479657622 0.122460648135 -0.110390590196 0.766093558899 0.231045215941 0.263420637973 0.887524314165 0.391659488484 110.11171652
 0.460157036483 -0.967840163407 0.684341969754 0.183144839796 0.42318143234 0.0335377360052 0.970820849207 -0.571113604091 65.6949291832
 -0.331820061754 0.328637063101 -0.417502731564 -0.0269949767097 0.32084718315 -0.0916570935346 0.252420330539 0.00745620506717 85.1369045116
 0.307260141092 -0.451327924447 -0.967553510517 -0.592732163968 -0.515665736524 -0.284630604492 0.714419486029 0.936123709748 115.817531842
 -0.55499525856 -0.157016797453 0.127499548089 0.931628998418 0.947808613135 0.503178395644 0.559533355072 0.364829179821 111.11935242
 0.215457288455 0.892225047333 0.998379364937 -0.925574627618 -0.3039010425 0.96741810794 -0.236899298766 0.671865811375 77.6454964524
 -0.712913959769 -0.756390526669 -0.244315689552 0.344277257677 -0.473555290541 -0.255164450744 0.00796152476796 0.816701646914 87.6901267012
 0.910704002501 0.530019215871 0.10148618785 -0.76011794461 -0.758875550282 0.279933201194 -0.112438280148 -0.912415495738 39.4132802199
 -0.331727165184 0.498432849032 0.348537687141 0.290727419325 0.82203935019 -0.91956617652 0.60300563169 -0.034668586999 90.3165910235
 -0.827621494999 0.839037562737 0.466154099546 0.91127093469 0.244389489329 0.503852779001 -0.9501733148 -0.382843147119 45.5133186927
 -0.561223747685 -0.561971886016 -0.576107510093 -0.377144023428 -0.702454695913 0.989231615933 -0.272498878359 -0.181444221144 62.5232965027
 0.955188128992 -0.0425378178685 0.661394874596 -0.529098452498 -0.602417583375 -0.844306508469 0.730372911125 -0.945168081972 46.5774085966
 -0.0324039019767 0.859624888658 0.683055717353 -0.377215548523 -0.825267745129 0.819828714128 -0.226560780385 -0.549919913065 44.0460210084
 -0.849870399804 -0.30567590114 -0.183945891339 -0.026198850624 -0.773899488973 -0.00302820265244 0.765872511987 -0.707104003663 58.4884021851
 -0.714285672655 0.803295193783 0.94533911389 0.583776331993 -0.524672338248 -0.713365350009 -0.0688117000346 0.772391692292 77.9241297083
 0.351306317351 -0.00335271587179 0.943957734066 0.676453355628 0.165691296304 0.385580081863 0.420701248654 0.948976068625 101.566980935
 -0.0246467388982 -0.967732333353 -0.983885508327 0.235449738198 -0.255474306435 -0.982536698153 0.50979596191 -0.955365141955 53.5572500806
 -0.8000130313 -0.851464395697 -0.90043764197 0.642493675734 0.493347497159 -0.415458357656 -0.700754988818 0.429231011436 82.2597737698
 0.808904025928 -0.719672573047 -0.801529230717 0.581056028175 0.740100227764 -0.910375918329 -0.0836715101741 -0.654449005901 57.657215068
 0.390267718556 -0.0991171510253 0.648631042258 -0.279293962832 -0.0172240892558 0.856169224146 -0.545761525589 -0.397043755275 48.126938645
 -0.425374698429 0.17559760681 -0.493246153547 0.221468743986 0.306963449142 -0.783411768535 -0.549479557271 -0.731502034378 45.2545322659
 -0.370867765785 -0.922750907566 -0.206554183453 -0.688047721922 -0.578313636699 0.454706750762 -0.425711355599 0.241765180239 67.1883632853
 -0.0334661212291 -0.695879694574 -0.888571536023 -0.31286789503 -0.589249080577 -0.513999571167 0.704766941144 -0.118030800443 81.535821955
 0.184466968845 -0.727020745709 -0.811374482114 0.601037951992 0.639945298713 -0.051536909154 0.929525098535 -0.322157032118 86.5565961031
 0.00542760618133 0.633939380507 0.597523459667 -0.75895169266 0.926164013588 0.142170508644 0.535674782035 -0.919779310496 56.3221850677
 -0.371683964589 0.815704938853 0.269293071115 -0.297910881274 -0.988025882346 0.291250041362 -0.224236699142 0.403259278095 67.1522027948
 0.0788777369443 -0.956865281798 -0.744219234942 0.0379048775642 -0.257374047578 0.0222121811268 -0.138876541476 0.972075691836 94.5234436957
 -0.0841686758525 -0.986493441934 -0.379626545456 -0.0826547797613 -0.516550665089 0.558935405608 0.958658676871 0.418264372054 103.667980255
 -0.318810626401 -0.95086233913 0.684274050096 0.963093191939 0.0985754941751 0.550119224951 0.681419180717 -0.403544952091 65.9115365511
 0.949168817469 0.925495093914 0.559763569683 0.266310121173 0.392151216427 0.237442875939 0.65714190782 -0.835572492237 55.1987393964
 0.56959741164 0.0957555927057 0.225712525193 -0.683625092104 -0.802465598984 -0.231824757099 -0.436287369453 0.580424795791 67.0059971959
 0.544486363512 0.785072381667 -0.273196609083 0.889430414661 0.0746605159824 0.257301261202 0.594959349812 -0.625622241329 61.3815782128
 0.691950573285 0.0695859704273 -0.592592291643 0.302481421691 -0.955720860378 0.119854048673 0.576828791443 -0.718147798445 51.2391685825
 0.613094206351 -0.454298663125 0.439847144556 0.491915517868 0.989518105739 -0.140092436046 0.73798230111 0.0585431310135 95.3263229395
 -0.588380902647 -0.345601407765 -0.123811868712 0.417139473198 -0.274505319111 -0.777961381672 -0.451785059539 -0.605851396232 43.5370042555
 -0.438086101845 0.579267627355 0.0875767063888 0.972241697182 0.00870394973109 -0.603427220468 -0.211609052569 0.103200591266 66.9045690455
 0.870861145621 0.901424464931 0.158982604416 -0.456730679203 -0.0840915432517 -0.782013001793 -0.118957449557 0.233731008768 67.5087067393
 0.093079168368 -0.0952109292825 0.728074095006 -0.601821617859 -0.541543632306 0.741250641279 -0.229690451555 0.398257649281 68.0497268667
 0.733274452276 0.0529523607459 -0.49485770888 0.174539513126 0.422060295697 -0.472537500119 -0.874282036892 -0.781587377022 39.9508814879
 0.134606434662 -0.649696726453 0.734099695752 -0.52557170518 -0.265666609595 0.154762760211 -0.11649472651 0.0528893978904 63.616551738
 -0.605865367285 -0.774419269033 -0.580037945414 0.762119728403 -0.00217201970436 -0.856884079095 -0.807129572044 0.819360137105 76.8810218751
 0.460432930824 -0.222596622084 -0.611061488694 -0.51084716271 0.883481728134 -0.0338184717564 -0.133440702999 -0.698714973962 58.0295572436
 -0.925331068865 -0.058612530623 -0.0577658984604 -0.340348464806 -0.0125879053344 -0.206877465147 -0.94437017699 0.0668322121441 57.6370484917
 0.475914290825 -0.0866172352563 0.0842360522004 -0.989019235146 0.76912399078 0.244487897211 0.203249429021 0.357521482045 97.425825755
 -0.942983120044 -0.976157514459 0.188831745076 -0.236029180618 -0.395600873977 0.089941809141 0.196514016739 0.663762953388 89.6703414256
 0.821814291821 0.664610457255 0.754861215187 -0.196534152157 -0.983917024888 0.664775550339 -0.0492902589874 0.12385302238 61.088782935
 -0.790331621344 -0.132607211302 0.0555134406514 0.636119895228 0.0535445980233 -0.237873063689 -0.609445949435 0.579464849104 72.5784380913
 -0.197761431986 0.123202254648 -0.758991215731 -0.399196523367 0.922305970764 -0.0552540864438 -0.989836458458 0.812454650483 91.3746790009
 0.0820460492506 -0.0998393180403 -0.873734203909 -0.704514867284 0.110934033359 0.689623311845 0.245068111554 -0.755297913852 57.3875731662
 0.99954381664 -0.720062647403 -0.0847071752989 0.926415937726 -0.0138624300477 0.955276351992 -0.79742666675 0.672076185914 69.758233495
 -0.50504963779 -0.619133460919 -0.0711153314797 -0.925409881822 0.498600479005 0.368715690378 -0.335774390635 0.773817102929 94.3115884674
 -0.819243694141 0.908022224648 -0.23736133299 -0.578443864617 0.850187517665 0.357642359976 0.63342688539 -0.913783181498 61.7077716722
 0.719611796326 -0.702274968314 -0.469023878219 -0.0957864595562 -0.663078671285 -0.984481035962 0.0902813526751 0.787461209431 82.7513355585
 0.0261206305718 0.792337128839 0.097916813375 0.861211992837 -0.631598146791 0.562211802761 0.941006249414 0.929575134911 110.999310664
 -0.0996076879761 -0.874551074404 -0.269541570449 0.264216604925 0.637942953039 -0.173556530844 -0.163299224109 0.445854178484 89.3334269139
 0.190097140908 -0.799768175715 0.0178346419402 -0.826118474345 0.710595139535 0.159887989606 0.642837971007 -0.772703113193 60.6038922331
 -0.669819281488 -0.716808997024 0.322444310392 0.647108649696 -0.844724505092 -0.624544217343 0.589500667793 -0.349236162033 60.4138562721
 0.86107642903 -0.390433231576 0.505915031685 0.844299540529 -0.400635613264 0.167730570983 0.924426049009 0.28970133736 84.0453899473
 0.739493795517 0.117586493759 0.0373650367668 0.469526953139 0.363722019723 0.192549790032 0.488396914146 0.561823940339 98.4092067452
 -0.740782962637 -0.0581804203188 0.667217163882 -0.781955417926 -0.359481351238 0.633089074482 -0.90438195532 -0.774815620359 35.3514453613
 -0.789012024752 -0.964873783172 0.203069650183 0.856470266516 -0.790174400858 -0.459501046935 -0.378399435197 -0.823356356175 36.8039915395
 0.816519331166 0.145721944397 0.0683362108171 0.999860817128 0.569610706566 -0.623188307531 0.151046227212 -0.365826269743 62.8125640882
 -0.0431102114073 0.517607723044 0.247372271152 0.0841014767705 0.457186699734 0.632424730571 0.519885785168 -0.991872403204 51.4235589821
 -0.65709168111 -0.337702277328 0.565398025586 0.713087036943 -0.341595287187 0.532659470807 0.388322811403 0.7275877643 91.3159975773
 0.660375097206 -0.610420249545 0.765199095075 0.39893079396 0.609654826852 0.151004841157 -0.680981678398 -0.430572628665 48.1683553789
 -0.310061162969 -0.988933955812 -0.0303440936711 0.424893341804 -0.711660175262 -0.882452428646 -0.00647082875774 -0.542495641109 47.3838290948
 0.256235070948 0.0520734838888 -0.595064974491 -0.551550562716 -0.400952661186 -0.990680995102 0.427928291888 -0.975491450975 49.7829716959
 0.578017668408 0.906230046871 0.605140957457 0.858746778759 0.394121792617 0.505161647348 -0.230954545856 -0.630423146582 47.7143484701
 0.743926825839 0.333900229159 0.043386048941 0.21162727609 0.380593040554 -0.465807440719 0.527403056345 0.450267783532 94.9251057074
 -0.63556842461 -0.397812523846 0.0181555531432 0.0895243290767 0.891325667079 0.266329373512 0.60899844465 -0.541983732389 72.840796632
 -0.308635434312 -0.85234885991 -0.315471437082 0.386965623951 0.190467475724 0.77634517342 0.943142084931 -0.977375690737 55.6648346057
 0.0730863017407 0.587855627364 0.328242158712 0.370656346522 0.514737883513 -0.916517776784 0.660368901716 -0.148292124896 80.8616733917
 0.640016546848 -0.954046269617 0.163765717471 0.379885009939 -0.0146390009137 0.866656817651 -0.0327855294153 0.714983310354 85.9003783616
 -0.715260416945 -0.104700447617 -0.945895570093 0.694311130332 -0.354080705805 -0.381916453127 0.844829853828 -0.0652129283066 93.7643325498
 -0.190962109157 0.692054628039 -0.908807875372 -0.0944472074264 0.920277200377 -0.589236574845 0.240135218361 0.416703298157 117.307959273
 0.971664898958 -0.624961575743 -0.573002001914 -0.730474649593 0.334766499539 -0.186444150408 -0.474501487967 -0.475268228683 52.3315292476
 -0.877009175655 0.2841408767 -0.872187631412 -0.235540792267 -0.179773809243 0.943187548603 -0.558747719111 0.118281412076 73.1049654427
 -0.809072317591 -0.69446593031 0.960040317742 -0.130919556287 0.661239922479 -0.127100698106 0.207511070564 0.491258151142 90.6323485396
 0.122925111285 -0.133649376042 0.877156631859 -0.790622069533 0.32925760803 -0.810642054787 -0.813319661862 0.650551571227 66.2735699379
 0.135575450242 -0.830183889377 0.39082926799 -0.788819161439 -0.40246754274 0.873666619212 -0.298802795427 0.641541391849 76.6654850542
 0.0511518245622 0.339574650025 -0.587740333419 -0.184760671131 0.397005139484 -0.802217965723 0.0181926355751 -0.461818022159 63.5138002798
 -0.661201888459 -0.0741532446428 0.436782314661 0.803306544618 0.035224741473 0.299360790611 -0.662745988292 -0.581830756472 42.8293602181
 0.889846199632 -0.871771664066 0.105943450726 0.0530685294843 0.257159898846 0.780152860113 0.750080792997 -0.315039278713 72.5000831055
 -0.632074283074 -0.740102163221 0.531276526714 -0.847528309611 -0.598549480979 0.695839958693 -0.628357316472 -0.584864372339 40.3703675748
 0.234378179165 -0.436435411224 -0.262962609914 -0.928128960923 -0.953561901681 -0.379939472518 0.247929912253 -0.483125928098 52.5979540808
 0.900666559447 -0.103117480287 0.899692455795 0.824170323848 0.974938173926 -0.614316980104 0.697020796661 0.736287172013 108.234176064
 -0.139556849285 -0.521460025086 -0.828555929475 -0.803789963876 -0.881646473798 0.97655868828 -0.987077474378 0.375812587078 58.4492220213
 -0.444099798781 0.716370329169 -0.733951742898 -0.423485873459 -0.540969485809 0.216781226902 -0.696193090667 -0.369833203705 49.3418040708
